b_dx: {
    visibility: 0.9898812770843506,
    x: 0.3051157295703888,
    y: 0.8472602367401123,
    z: -0.04156290739774704
},
b_sx: {
    visibility: 0.9596124887466431,
    x: 0.8223257064819336,
    y: 0.8660596013069153,
    z: 0.0038573690690100193
},
a_sx: {
    visibility: 0.9430789947509766,
    x: 0.6443069577217102,
    y: 1.0709221363067627,
    z: -0.055593203753232956
},
a_dx: {
    visibility: 0.9850335121154785,
    x: 0.04452347010374069,
    y: 1.013640284538269,
    z: -0.1944582164287567
}